4 4
1 1 1 1
1 1 1 1
1 1 1 1
1 1 1 1
7 8
4 23 8 78 89 89 879 0
767 3 4 78 786 6 0 09
56 56 4 657 768 789 9 80
86 5 876 6 5 7 67 890
6 7 7 867 987 8 8 8
34 868 98 7 8 7 67 089
5 90 0 88 0 46 7 6
3 3
3 1 2
-2 3 1
-2 -2 3
4 4
10 1 9 9
-9 10 1 9
-9 -9 10 1
-9 -9 -9 10
3 3
7 2 9
2 9 0
9 0 11
3 3
5 3 10
4 6 10
6 2 10
3 3
7 2 9
2 9 0
9 0 11
4 4
3 5 7 1
2 4 9 2
2 5 7 9
8 4 3 5
3 3
2 3 4
4 4 4
4 4 4
3 3
5 40 4
4 6 5
5 5 1
3 3
5 3 4
4 6 16
3 5 1
3 3
 3  1  2
-2  3  1
-2 -2  3
3 3
6 4 5
1 6 4
1 1 6
3 3 
1 3 5
7 2 4 
6 8 9
